NOAA 15                 
1 25338U 98030A   25215.15244893  .00000191  00000+0  96009-4 0  9990
2 25338  98.5339 238.9657 0009967 192.8914 167.2014 14.27006065416187
DMSP 5D-3 F16 (USA 172) 
1 28054U 03048A   25215.19609215  .00000062  00000+0  56472-4 0  9997
2 28054  99.0129 231.5232 0006694 335.9139 104.0242 14.14363369124513
NOAA 18                 
1 28654U 05018A   25215.19343685  .00000078  00000+0  64624-4 0  9993
2 28654  98.8408 294.0526 0013697 338.7003  21.3598 14.13623751 41468
METEOSAT-9 (MSG-2)      
1 28912U 05049B   25214.69849300  .00000129  00000+0  00000+0 0  9993
2 28912   8.6311  57.2162 0000527 339.7079 211.7981  1.00268670 71881
EWS-G1 (GOES 13)        
1 29155U 06018A   25214.39469906 -.00000180  00000+0  00000+0 0  9995
2 29155   3.6994  80.3479 0059224 267.5805  58.3117  0.98788487 40098
DMSP 5D-3 F17 (USA 191) 
1 29522U 06050A   25215.16609677  .00000083  00000+0  65613-4 0  9993
2 29522  98.7399 223.2564 0009005 241.2126 118.8144 14.14844440967444
FENGYUN 3A              
1 32958U 08026A   25214.87315810  .00000082  00000+0  59616-4 0  9990
2 32958  98.6490 157.3351 0008186 332.5340  27.5403 14.19458893890351
NOAA 19                 
1 33591U 09005A   25215.20869749  .00000134  00000+0  95244-4 0  9990
2 33591  98.9943 280.2122 0013395 205.4534 154.5980 14.13397731849828
GOES 14                 
1 35491U 09033A   25214.49280786 -.00000061  00000+0  00000+0 0  9991
2 35491   0.8524  87.3585 0003141  73.3558 220.1109  1.00268950 58963
DMSP 5D-3 F18 (USA 210) 
1 35951U 09057A   25215.17733668  .00000273  00000+0  16458-3 0  9998
2 35951  98.8633 192.3599 0012326  76.1906 284.0637 14.14664118814608
EWS-G2 (GOES 15)        
1 36411U 10008A   25214.77307949  .00000046  00000+0  00000+0 0  9992
2 36411   0.4573  85.3190 0004005 114.1692  91.8546  1.00275372 56433
COMS 1                  
1 36744U 10032A   25214.42928421 -.00000338  00000+0  00000+0 0  9999
2 36744   4.0018  79.3727 0000959  37.4724 117.0702  1.00272689 47895
FENGYUN 3B              
1 37214U 10059A   25215.20485052  .00000059  00000+0  54393-4 0  9994
2 37214  99.0101 254.1059 0022239  10.3876  69.8528 14.14742702762508
SUOMI NPP               
1 37849U 11061A   25215.16740039  .00000068  00000+0  53327-4 0  9992
2 37849  98.7582 153.8363 0002091 125.0047 235.1325 14.19550139713316
METEOSAT-10 (MSG-3)     
1 38552U 12035B   25214.26130122  .00000002  00000+0  00000+0 0  9995
2 38552   3.9123  62.0139 0000914   7.1823 336.3283  1.00267074 47656
METOP-B                 
1 38771U 12049A   25215.16038657  .00000094  00000+0  62542-4 0  9998
2 38771  98.5737 267.8307 0001487 131.8992 228.2312 14.21469817668073
INSAT-3D                
1 39216U 13038B   25214.42150236 -.00000330  00000+0  00000+0 0  9998
2 39216   1.0983  86.9125 0001431  44.6152 101.0095  1.00272119 43888
FENGYUN 3C              
1 39260U 13052A   25215.14208576  .00000097  00000+0  70328-4 0  9998
2 39260  98.4582 199.3511 0013903 215.4681 144.5570 14.15640035613634
METEOR-M 2              
1 40069U 14037A   25215.17867747  .00000148  00000+0  87066-4 0  9999
2 40069  98.4718 197.9154 0004665 234.3148 125.7596 14.21314856574141
HIMAWARI-8              
1 40267U 14060A   25214.43188424 -.00000266  00000+0  00000+0 0  9991
2 40267   0.0387 246.5045 0001488 250.2835 110.6017  1.00271148 39553
FENGYUN 2G              
1 40367U 14090A   25214.06682536 -.00000298  00000+0  00000+0 0  9992
2 40367   4.8276  76.7179 0003624 160.7100 197.2083  1.00276715 38792
METEOSAT-11 (MSG-4)     
1 40732U 15034A   25214.26303455  .00000071  00000+0  00000+0 0  9997
2 40732   2.4006  72.3524 0001096 125.4703 217.3420  1.00277003  4015
ELEKTRO-L 2             
1 41105U 15074A   25214.40111243 -.00000112  00000+0  00000+0 0  9991
2 41105   5.8862  74.4648 0001178 158.1854 208.4919  1.00270345 35311
INSAT-3DR               
1 41752U 16054A   25214.41861917 -.00000068  00000+0  00000+0 0  9999
2 41752   0.0390  97.3480 0010407 166.1812 272.4084  1.00272326 32624
HIMAWARI-9              
1 41836U 16064A   25214.71738725 -.00000265  00000+0  00000+0 0  9995
2 41836   0.0359 256.1973 0001252 262.2367 192.1190  1.00274504 32115
GOES 16                 
1 41866U 16071A   25215.09689052 -.00000081  00000+0  00000+0 0  9992
2 41866   0.0340 112.5851 0001499  57.1631  72.3169  1.00271941 31909
FENGYUN 4A              
1 41882U 16077A   25214.99953725 -.00000348  00000+0  00000+0 0  9991
2 41882   1.5079  83.7971 0006362 165.6117 185.9847  1.00270360 31786
CYGFM05                 
1 41884U 16078A   25214.35173242  .00014267  00000+0  32721-3 0  9995
2 41884  34.9596 187.6794 0008230  18.2089 341.8924 15.41824798479286
CYGFM04                 
1 41885U 16078B   25214.24399632  .00016266  00000+0  34814-3 0  9993
2 41885  34.9346 166.3566 0006891  42.0084 318.1164 15.43863888479415
CYGFM02                 
1 41886U 16078C   25215.18865345  .00015803  00000+0  32772-3 0  9994
2 41886  34.9432 160.0700 0008448  46.7554 313.3870 15.44783884479741
CYGFM01                 
1 41887U 16078D   25215.16629636  .00014093  00000+0  31868-3 0  9999
2 41887  34.9425 185.6185 0007892  12.1385 347.9524 15.42249574479464
CYGFM08                 
1 41888U 16078E   25215.18303660  .00015027  00000+0  32847-3 0  9994
2 41888  34.9454 169.8376 0009134  40.6358 319.5042 15.43235570479596
CYGFM07                 
1 41890U 16078G   25215.17080121  .00015603  00000+0  33437-3 0  9996
2 41890  34.9471 159.6413 0007002  59.7416 300.3997 15.43834005479725
CYGFM03                 
1 41891U 16078H   25215.18491397  .00015026  00000+0  32492-3 0  9998
2 41891  34.9423 161.2802 0006383  40.2483 319.8709 15.43578255479700
FENGYUN 3D              
1 43010U 17072A   25215.15384517  .00000078  00000+0  58445-4 0  9998
2 43010  98.9660 179.6458 0000692 192.0900 168.0259 14.19629739399863
NOAA 20 (JPSS-1)        
1 43013U 17073A   25215.11288738  .00000051  00000+0  44921-4 0  9991
2 43013  98.7412 152.9892 0001971 102.5345 257.6052 14.19549400399340
GOES 17                 
1 43226U 18022A   25214.54002951 -.00000173  00000+0  00000+0 0  9990
2 43226   0.1142  98.5607 0001527 136.4401 181.2818  1.00271956 27229
FENGYUN 2H              
1 43491U 18050A   25214.06283867 -.00000122  00000+0  00000+0 0  9993
2 43491   2.2053  82.9224 0002071 115.6700 214.2136  1.00273976 26239
METOP-C                 
1 43689U 18087A   25215.19542064  .00000089  00000+0  60804-4 0  9998
2 43689  98.7123 274.8333 0001638  52.7878 307.3449 14.21477164349651
GEO-KOMPSAT-2A          
1 43823U 18100A   25214.93864215 -.00000334  00000+0  00000+0 0  9991
2 43823   0.0143  78.7717 0002267  34.7505 304.4021  1.00273220 24476
METEOR-M2 2             
1 44387U 19038A   25215.22537230  .00000092  00000+0  59745-4 0  9990
2 44387  98.8784 193.4547 0001054 154.9809 205.1420 14.24221046316034
ARKTIKA-M 1             
1 47719U 21016A   25211.99503583 -.00000088  00000+0  00000+0 0  9996
2 47719  63.1519 102.0141 7132899 268.7411  16.3260  2.00614249 32351
FENGYUN 3E              
1 49008U 21062A   25215.25003789  .00000017  00000+0  28589-4 0  9994
2 49008  98.7439 217.3168 0000561 317.1121  43.0012 14.19856372211469
GOES 18                 
1 51850U 22021A   25215.14888618  .00000106  00000+0  00000+0 0  9990
2 51850   0.0078 314.9757 0000452 218.0925  55.5066  1.00273891 12618
NOAA 21 (JPSS-2)        
1 54234U 22150A   25214.58500324  .00000077  00000+0  57059-4 0  9992
2 54234  98.7275 152.6804 0002339  46.2231 313.9138 14.19547898141346
METEOSAT-12 (MTG-I1)    
1 54743U 22170C   25214.76078328  .00000003  00000+0  00000+0 0  9991
2 54743   0.6814  33.9638 0001665  93.2517  97.9591  1.00275178  9775
TIANMU-1 03             
1 55973U 23039A   25215.16741704  .00010705  00000+0  30493-3 0  9995
2 55973  97.5049  14.7143 0004431 147.7480 212.4035 15.36272869131830
TIANMU-1 04             
1 55974U 23039B   25215.17143635  .00011235  00000+0  31730-3 0  9990
2 55974  97.4978  13.9753 0005300 146.5461 213.6118 15.36523754131838
TIANMU-1 05             
1 55975U 23039C   25215.13806832  .00011105  00000+0  31654-3 0  9993
2 55975  97.5026  14.4160 0003749 165.9707 194.1641 15.36243247131813
TIANMU-1 06             
1 55976U 23039D   25215.17921572  .00011232  00000+0  31652-3 0  9996
2 55976  97.5039  14.8223 0004231 162.5293 197.6097 15.36598697131839
METEOR-M2 3             
1 57166U 23091A   25215.15765782 -.00000008  00000+0  15551-4 0  9995
2 57166  98.6579 270.8401 0004361  30.3309 329.8121 14.24005523109254
TIANMU-1 07             
1 57399U 23101A   25215.18599043  .00005856  00000+0  23279-3 0  9993
2 57399  97.3080 268.0126 0004703 161.7885 198.3522 15.25663894113089
TIANMU-1 08             
1 57400U 23101B   25215.15218266  .00006052  00000+0  24042-3 0  9996
2 57400  97.3068 267.7990 0006527 172.2122 187.9219 15.25662177113079
TIANMU-1 09             
1 57401U 23101C   25215.13779136  .00005874  00000+0  23383-3 0  9991
2 57401  97.3023 267.3770 0005758 169.7415 190.3941 15.25613188113072
TIANMU-1 10             
1 57402U 23101D   25215.17098015  .00006302  80293-8  24841-3 0  9994
2 57402  97.3105 268.1212 0007543 173.8673 186.2659 15.25597531113073
FENGYUN 3F              
1 57490U 23111A   25215.16676628  .00000037  00000+0  38200-4 0  9996
2 57490  98.7245 285.4723 0000759  88.4478 271.6785 14.19849585103737
ARKTIKA-M 2             
1 58584U 23198A   25212.23663826  .00000183  00000+0  00000+0 0  9991
2 58584  63.2307 189.5382 6867270 268.6538  18.5707  2.00597782 11889
TIANMU-1 11             
1 58645U 23205A   25215.18852327  .00005312  00000+0  23144-3 0  9998
2 58645  97.3717 237.2141 0011036  53.8350 306.3906 15.22567629 89064
TIANMU-1 12             
1 58646U 23205B   25215.14098102  .00005882  00000+0  25628-3 0  9999
2 58646  97.3704 237.0155 0008918  45.3951 314.8011 15.22541241 89043
TIANMU-1 13             
1 58647U 23205C   25215.17458912  .00005185  00000+0  22646-3 0  9995
2 58647  97.3733 237.1996 0008387  26.3001 333.8660 15.22517332 89040
TIANMU-1 14             
1 58648U 23205D   25215.15717905  .00005709  00000+0  24884-3 0  9992
2 58648  97.3662 236.6539 0009563  29.7128 330.4650 15.22536190 89048
TIANMU-1 19             
1 58660U 23208A   25215.22014110  .00006596  00000+0  26874-3 0  9991
2 58660  97.4307 326.9327 0005743  16.7108 343.4318 15.24795276 88764
TIANMU-1 20             
1 58661U 23208B   25215.24428797  .00007027  00000+0  27587-3 0  9996
2 58661  97.4243 327.2748 0008374  21.9440 338.2156 15.26000441 88829
TIANMU-1 21             
1 58662U 23208C   25215.23945297  .00007799  00000+0  28779-3 0  9995
2 58662  97.4286 328.6491 0007805  19.4420 340.7116 15.28024276 88890
TIANMU-1 22             
1 58663U 23208D   25215.14237778  .00006552  00000+0  26743-3 0  9999
2 58663  97.4303 326.9520 0004956  42.7769 317.3853 15.24741619 88761
TIANMU-1 15             
1 58700U 24004A   25214.82989805  .00005111  00000+0  22397-3 0  9996
2 58700  97.4672  36.9722 0007645  44.1956 315.9890 15.22424892 87264
TIANMU-1 16             
1 58701U 24004B   25215.14160950  .00005319  00000+0  23263-3 0  9998
2 58701  97.4608  36.7844 0008072  47.4140 312.7776 15.22470494 87316
TIANMU-1 17             
1 58702U 24004C   25215.18804746  .00005724  00000+0  24898-3 0  9996
2 58702  97.4644  37.1882 0006761  50.0248 310.1581 15.22632343 87315
TIANMU-1 18             
1 58703U 24004D   25215.17376901  .00005373  00000+0  23465-3 0  9992
2 58703  97.4662  37.3329 0006361  40.4442 319.7267 15.22524055 87315
INSAT-3DS               
1 58990U 24033A   25214.50530971 -.00000146  00000+0  00000+0 0  9997
2 58990   0.0525 257.9190 0001402 240.0237  77.3829  1.00270583 43877
METEOR-M2 4             
1 59051U 24039A   25215.16156016  .00000021  00000+0  29061-4 0  9993
2 59051  98.6528 174.2949 0007461  19.7588 340.3877 14.22373651 74054
GOES 19                 
1 60133U 24119A   25214.38906569 -.00000238  00000+0  00000+0 0  9992
2 60133   0.0081  83.5006 0000247 134.8169 157.7608  1.00271202  3766
